PSL(2,17) I = 3
[ 1, 2, 3 ], [ 1, 2, 4 ] ( 1,13,11, 8,18,14, 7,15)( 3, 4, 6,17, 5,10, 9,12), ( 2, 3, 4,14, 9,12,16,13)( 5,17, 8,10,18, 7, 6,15), (), 
[ 1, 2, 3, 4 ], [ 1, 2, 3, 6 ] ( 1,17,14,18, 5,16,10,11)( 4, 6,13, 9,15, 8, 7,12), ( 2, 8,17,12)( 4, 6,11, 5)( 7,15,18, 9)(10,16,13,14), ( 3, 5, 7, 9,11,13,15,17)( 4, 6, 8,10,12,14,16,18), (), 
[ , false, false, true ]
time = 0.059387000000000002s
RC = 4

PGL(2,17) I = 3
[ 1, 2, 3, 4 ], [ 1, 2, 3, 5 ] ( 1,12,18,13,10, 8,17, 4, 5, 9,11, 7,14, 6,16,15), ( 2,12,17, 8)( 4, 5,11, 6)( 7, 9,18,15)(10,14,13,16), ( 3, 4, 5, 6, 7, 8, 9,10,11,12,13,14,15,16,17,18), (), 
[ , true, false, true ]
time = 0.031967000000000002s
RC = 4

A(18)
RC = 17

S(18)
RC = 2

