PSL(2, 8) I = 3
[ 1, 2, 3 ], [ 1, 2, 26 ] ( 1,18,25,27,21,15,31)( 3,26,16, 7,23,35,20)( 4,12,36,11,17,22,14)( 5,30,13,33, 9, 6,32)( 8,28,34,10,24,19,29), ( 2, 4)( 3,26)( 5,18)( 6, 8)( 7,32)( 9,20)(10,11)(12,33)(13,34)(14,15)(16,21)(17,19)(23,24)(25,35)(27,28)(29,31), (), 
[ , false, true, true ]
time = 38.38373s
RC = 3

PGammaL(2, 8) I = 3
[ 1, 2, 3 ], [ 1, 2, 7 ] ( 1,27,31,25,15,18,21)( 3, 7,20,16,35,26,23)( 4,11,14,36,22,12,17)( 5,33,32,13, 6,30, 9)( 8,10,29,34,19,28,24), ( 2,21,31)( 3, 7,24)( 4,35,28)( 5,16,14)( 6,17,22)( 8,33,10)( 9,19,32)(11,23,30)(12,34,36)(13,20,26)(18,27,25), (), 
[ , false, true, true ]
time = 4.9910129999999997s
RC = 3

M(10) I = 3
[ 1, 2, 3 ], [ 1, 2, 22 ] ( 1,30,20, 8,13)( 3,22, 9,34,17)( 4,26,32,16,28)( 5,27, 7,21,19)( 6,11,10,29,14)(12,36,24,33,23)(15,25,35,31,18), ( 2,36,20,21)( 3,22,25, 6)( 4,12,17,32)( 5,26,34,19)( 8,29,30,16)( 9,11,33,15)(10,23,31,14)(13,18)(24,35,27,28), (), 
[ , false, true, true ]
time = 19.093502999999998s
RC = 3

PGL(2, 9) I = 4
[ 1, 2, 6 ], [ 1, 2, 12 ] ( 1,30)( 4,32)( 5,31)( 6,12)( 7,25)( 9,34)(10,33)(11,23)(13,20)(14,36)(15,21)(16,28)(17,22)(18,19)(24,29)(27,35), ( 2,29,30,18, 8,16,20,21,13,36)( 3,31,19,17,27,24, 4,26,10,25)( 5, 6,12,32,22,34,28,14,23,35)( 7,11, 9,33,15), (), 
