PSL(2,53) I = 3
[ 1, 2, 3 ], [ 1, 2, 4 ] ( 1, 5,12,30, 6,26,17,16,37,43,53,10,25,19,27,14, 7,51,47,28,31,42,24,50,34,29)( 3, 4,41,54,40,45,22,52,23,35,15,13,32,46,21, 9,44,48,18, 8,39,11,36,33,49,38), ( 2, 6,27,39, 5,33,30,52,47,11,37,17,40)( 3, 4,31, 8,19,29,18,16,53,26,10,12,51)( 7,38,21,45,13,22,35,34,48,54,50,36,14)( 9,24,41,32,20,25,15,23,42,49,43,46,28), (), 
[ 1, 2, 3, 4 ], [ 1, 2, 3, 6 ] ( 1,14,10,20,47, 7,42,36,41,17,30, 8,52)( 4, 6,24,19,27,50,23,32,53,15, 5,38,22)( 9,12,11,54,51,40,25,49,26,13,33,34,45)(16,31,48,28,21,43,29,35,39,46,44,18,37), ( 2,47,50,49,41,24,22,45,51, 9,38,18,44, 4, 6,46,28,13,17,25,16,32,11,33,48, 7)( 5,10,35,42,31,40,34,12,54,23,20,15,43,30,26,27, 8,21,39,14,52,19,36,29,53,37), ( 3, 5, 7, 9,11,13,15,17,19,21,23,25,27,29,31,33,35,37,39,41,43,45,47,49,51,53)( 4, 6, 8,10,12,14,16,18,20,22,24,26,28,30,32,34,36,38,40,42,44,46,48,50,52,54), (), 
[ , false, false, true ]
time = 0.10229100000000001s
RC = 4

PGL(2,53) I = 3
[ 1, 2, 3, 4 ], [ 1, 2, 3, 5 ] ( 1,30,36,47,14, 8,41, 7,10,52,17,42,20)( 4, 5,32,27, 6,38,53,50,24,22,15,23,19)( 9,33,49,51,12,34,26,40,11,45,13,25,54)(16,44,35,21,31,18,39,43,48,37,46,29,28), ( 2,30,32,54,28,42,18,53,22,14,47,26,11,23,13,31,44,37,45,52,50,27,33,20,17,40, 4, 5,51,19,49, 8,48,15,25,34, 6,10, 9,36,41,21, 7,43,16,12,46,35,38,29,24,39), ( 3, 4, 5, 6, 7, 8, 9,10,11,12,13,14,15,16,17,18,19,20,21,22,23,24,25,26,27,28,29,30,31,32,33,34,35,36,37,38,39,40,41,42,43,44,45,46,47,48,49,50,51,52,53,54), (), 
[ , true, false, true ]
time = 0.056635999999999999s
RC = 4

A(54)
RC = 53

S(54)
RC = 2

